0
1.8889
36.0768
54.9258
63.7574
63.9735
69.4433
69.7279
79.0912
101.465
110.987
130.679
140.616
143.224
146.91
153.868
157.964
158.633
179.973
203.793
220.433
231.667
264.152
272.138
284.833
291.286
292.003
292.957
304.786
308.282
309.944
321.262
334.345
341.921
342.159
347.428
362.801
363.922
365.929
393.437
413.284
417.238
418.559
423.506
438.522
445.592
455.72
463.711
468.607
475.652
481.832
481.913
491.809
492.398
501.181
503.551
517.984
520.232
536.436
542.775
548.252
566.3
586.418
587.087
587.986
600.557
607.368
609.89
614.754
661.399
661.727
668.822
677.756
684.789
707.971
717.73
730.77
735.266
736.55
744.19
752.907
762.325
770.869
772.451
789.011
798.434
832.448
836.526
841.282
841.552
851.053
858.652
863.124
866.144
869.956
890.794
896.436
919.744
922.597
922.951
941.224
947.304
948.855
950.991
966.078
967.362
968.059
981.129
989.026
996.834
1046.04
1065.52
1068.24
1088.75
1096.76
1115.84
1125.21
1127.07
1128.65
1130.22
1134.42
1141.69
1146.22
1156.27
1177.4
1186.37
1250.16
1251.56
1255.88
1257.52
1264.42
1270.3
1281.73
1297.66
1298.14
1323.6
1330.94
1350.85
1361.49
1372.66
1374.31
1381.85
1390.08
1396.41
1400.53
1402.25
1435.8
1443.94
1465.84
1473.41
1475.07
1502.41
1529.06
1535.19
1543.73
1550.22
1555.1
1562.42
1584.49
1590.14
1615.68
1625.93
1637.13
1654.36
1661.5
1672.3
1675.02
1680.37
1705.49
1706.17
1712.77
1719.54
1720.15
1725.32
1733.35
1738.18
1759.43
1764.5
1772.07
1772.49
1781.39
1781.95
1796.91
1799.24
1804.91
1805.59
1821.61
1839.21
1839.95
1842.99
1861.88
1862.1
1868.05
1883.68
1886.88
1893.07
1902.53
1904.92
1913.29
1930.42
1933.51
1947.12
1956.1
1972.7
2003.29
2017.16
2033.35
2036.41
2038.58
2053.82
2060.48
2060.72
2064.37
2075.46
2081.14
2088.85
2107.84
2117.62
2165.66
2178.66
2193.57
2193.7
2216.86
2218.91
2222.82
2226.88
2247.65
2258.87
2263.4
2269.56
2283.98
2289.86
2299.9
2311.28
2325.41
2331.79
2375.09
2375.59
2377.21
2410.02
2413.66
2419.41
2455.57
2465.21
2474.62
2494.22
2532.94
2536.19
2548.11
2549.03
2549.89
2570.25
2572.71
2583.88
2594.36
2594.42
2605.24
2608.11
2625.57
2643.24
2648.85
2657.78
2666.96
2674.4
2680.91
2682.89
2685.52
2711.52
2734.16
2749.3
2764
2778.77
2786.78
2803.31
2803.52
2809.2
2839.54
2851.82
2882.4
2886.11
2893.68
2895.42
2895.58
2897.04
2903.83
2906.26
2913.63
2934.1
2942.18
2942.51
2945.08
2945.84
2948.18
2948.19
2948.7
2955.9
2974.05
2977.36
2984.84
2987.85
3003.32
3015
3017.78
3048.39
3066.74
3089.89
3101.87
3105.07
3105.29
3110.84
3113.68
3116.97
3133.94
3135.76
3136.54
3162.51
3162.74
3182.09
3184.34
3192.51
3198.47
3211.15
3221.3
3222.25
3223.91
3228.98
3234.46
3237.19
3237.25
3250.31
3256.84
3257.16
3262.15
3272.51
3274.44
3279.24
3286.45
3290.11
3293.93
3296.53
3311.42
3323.46
3345.78
3347.47
3350.07
3353.44
3359.25
3370.22
3381.55
3385.3
3413.28
3420.92
3455.77
3469.64
3476.13
3505.77
3531.93
3542.93
3547
3610.89
3616.88
3630.46
3636.64
3641.33
3651.38
3671.2
3717.74
3726.67
3745.53
3750.99
3759.7
3786.29
3791.75
3802.86
3816.17
3828.79
3846.31
3848.06
3848.49
3866.98
3881.67
3914.46
3920.33
3953.66
3966.91
3967.38
3968.09
3969.92
3971.34
3985.22
3995.32
4002.68
4020.36
4035.66
4036.6
4040.18
4057.8
4057.94
4079.09
4090.95
4096.03
4099.06
4104.11
4113.9
4114.13
4134.13
4147.86
4171.65
4177.37
4194.03
4208.67
4236.44
4241.04
4245.51
4246.66
4252.79
4263.67
4265.39
4266.59
4267.43
4268.87
4271.82
4280.38
4287.4
4289.16
4330.77
4333.17
4361.45
4376.78
4461.53
4465.08
4471.4
4490.4
4501.92
4504.78
4515.32
4516.05
4522.25
4528.14
4536.75
4541.67
4546.19
4557.72
4561.89
4569.46
4571.74
4582.46
4599.31
4612.81
4615.19
4627.8
4643.69
4661.02
4668.36
4679.93
4681.59
4688.33
4701.44
4701.71
4719.14
4727.12
4730.91
4746.48
4762.19
4763.91
4773.41
4774.22
4775.93
4789.48
4795.1
4797.8
4798.29
4803.98
4827.45
4838.1
4848.91
4852.1
4856.13
4863.43
4864.46
4864.79
4882.26
4887.15
4908.57
4909.68
4931.42
4936.29
4941.97
4949.16
4954.67
4955.56
4959.98
4983.28
4985.47
4997.11
5018.66
5018.7
5026.79
5035.95
5044.24
5053.12
5061.18
5079.51
5083.64
5084.97
5107.49
5111.9
5134.99
5149.05
5150.53
5157.77
5161.21
5164.96
5176.7
5179.57
5181.37
5188.42
5203.87
5207.96
5210.3
5214.54
5225.6
5229.49
5230.07
5231.52
5235.37
5237.48
5242.23
5266.15
5269.77
5273.43
5300.46
5306.65
5310.3
5323.05
5331.12
5346.85
5357.28
5369.49
5411.4
5421.95
5434.51
5436.06
5441.13
5451.39
5500.48
5506.5
5513.99
5514.09
5520.14
5544.21
5545.85
5548
5565.28
5576.26
5592.64
5615.73
5623.98
5628.59
5630.7
5644.15
5682.21
5688.74
5692.08
5702.13
5735.79
5738.75
5738.79
5740.5
5744.4
5765.52
5766.05
5778.25
5778.84
5786.23
5788.82
5806.88
5827.16
5827.51
5831.41
5835.05
5848.29
5853.9
5859.46
5861.06
5861.1
5871.05
5872.17
5883.53
5887.1
5906.47
5917.29
5920.58
5939.47
5944.03
5953.42
5966.92
5976.59
5991.33
5993.53
5994.83
6002.95
6003.12
6015.39
6035.73
6039.86
6041.95
6043.25
6064.05
6088.62
6088.98
6094.1
6095.11
6108
6122.73
6128.44
6128.57
6132.13
6159.35
6164.34
6167.02
6170.18
6187.92
6190.01
6192.57
6195.69
6196.01
6199.55
6199.84
6204.16
6205.28
6216.79
6219.89
6221.82
6227.54
6254.71
6270.76
6273.49
6274.35
6288.55
6289
6300.15
6301.79
6314.15
6322.82
6333.25
6334.67
6339.48
6339.74
6340.33
6350.72
6370.99
6371.46
6372.84
6377.02
6379.75
6425.4
6428.01
6432.42
6455.12
6466.45
6474.47
6483.21
6492.17
6500.83
6516.95
6524.22
6544.36
6550.86
6588.83
6589.78
6598.19
6598.83
6600.44
6603.58
6607.38
6608.92
6621.21
6632.45
6634.18
6640.98
6650.78
6653.27
6668.75
6673.66
6684
6688.04
6700.48
6717.71
6725.88
6749.74
6767.63
6772.09
6775.76
6782.48
6816.14
6818.68
6821.67
6826.41
6831.29
6836.08
6842.34
6843.24
6843.78
6858.02
6870.22
6881.79
6902.97
6917.42
6921.93
6946.07
6961.96
6962.35
6991.66
6995.54
6995.79
6999.04
7011
7014.38
7030.53
7032.64
7073.63
7081.79
7086.86
7091.18
7105.44
7121.93
7122.48
7152.27
7155.41
7175.66
7178.68
7182.59
7186.33
7187.38
7196.75
7232.59
7237.72
7248.43
7254.56
7255.85
7257.32
7259.63
7259.75
7262.62
7272.03
7274.9
7297.5
7312.62
7325.79
7338.03
7340.31
7347.71
7359.56
7420.79
7445.65
7450.17
7460.77
7467.32
7471.72
7477.88
7495.59
7498.09
7499.44
7506.03
7523.12
7531.85
7539.47
7550.4
7553.46
7581.86
7583.22
7597.53
7619.29
7624.42
7627.16
7657.71
7660.29
7660.8
7662.35
7665.34
7667.83
7679.15
7704.23
7711.71
7714.5
7716.27
7731.37
7734.05
7739.6
7752.68
7754.05
7780.39
7780.73
7782.19
7798.41
7807.59
7818.96
7836.88
7850.98
7868.69
7870.14
7874.85
7876.82
7890.59
7916.84
7920.83
7920.85
7938.87
7962.81
7965.58
7967.14
7972.1
7978.01
8029.31
8038.07
8041.55
8049.35
8063.92
8068.49
8073.73
8078.57
8085.19
8125.03
8125.31
8145.4
8156.57
8180.5
8195.26
8226.64
8237.37
8239.13
8276.45
8300.47
8304.73
8307.63
8315.8
8315.84
8360.75
8365.18
8368.33
8388.19
8407.24
8428.21
8446.1
8458.96
8461.59
8497.67
8513.66
8520.04
8523.5
8523.96
8545.23
8546.51
8560.17
8578.35
8587.9
8589.8
8597.19
8615.81
8623.04
8625.38
8640.27
8641.48
8644.12
8649.82
8665.26
8671.86
8684.46
8685.29
8700.89
8726.49
8728.81
8729.71
8732.04
8745.15
8749
8759.99
8774.18
8774.76
8811.24
8817.87
8828.93
8832.06
8835.45
8839.83
8840.56
8850.54
8868.66
8943.95
8952.74
8957.14
8959.35
8962.49
8962.95
8994.83
8997.58
9017.99
9021.12
9036.35
9037.52
9045.75
9081.51
9085.88
9091.12
9103.05
9104.94
9110.43
9127.27
9129.52
9130.78
9132.27
9137.69
9155.04
9155.1
9161.61
9161.62
9168.34
9190.73
9191.09
9207.76
9271.01
9271.89
9291.98
9295.41
9318.62
9335.14
9345.99
9346.52
9350.45
9352.45
9353.58
9394.7
9396.96
9411.78
9425.18
9438.26
9457.67
9463.45
9466.45
9498.63
9531.26
9545.49
9550.06
9563.33
9575.57
9587.22
9606.19
9608.6
9621.76
9622.7
9629.5
9634.22
9638.03
9651.22
9654.48
9659.11
9671.31
9671.44
9697.63
9736.49
9737.54
9739.38
9745.95
9754.64
9778.61
9779.14
9780.72
9841.08
9842.64
9845.69
9853.34
9859.4
9863.96
9869.08
9876.31
9913.76
9916.83
9918.42
9928.35
9928.39
9948.61
9957.05
9970.19
9972.27
9979.86
9997.73
10004.8
10008.4
10017.6
10039.4
10074.7
10081.5
10083.5
10094.2
10100.6
10102.3
10105.5
10105.5
10140.4
10140.6
10155.7
10161.3
10163.9
10164.7
10165.9
10167.2
10169.3
10181
10184.3
10184.9
10194.7
10214.4
10215.2
10268.3
10271.6
10271.7
10274.7
10276.7
10281.1
10296
10307.2
10311.9
10320.8
10334.9
10349
10357
10370.4
10383.6
10393.7
10405.1
10421.5
10423.7
10434.4
10446.7
10464.7
10477.3
10530.5
10533.5
10543.6
10544.9
10548.1
10556.4
10574.4
10577.7
10580.1
10589.1
10590.2
10599.1
10624.9
10664.2
10673.5
10713.3
10718.3
10718.5
10719.3
10732
10759.5
10766.1
10769.1
10773.2
10787
10790.2
10798.1
10804.1
10808
10829.2
10829.3
10842.1
10847.3
10861.2
10863.8
10870.3
10872
10880.2
10894.2
10909.6
10918.1
10937.8
10944.5
10955.5
10981.7
11023.2
11024
11037.5
11042
11054.6
11065.1
11092.9
11130.1
11140.8
11142
11169
11187.2
11192.3
11205.6
11206.7
11226.3
11235.8
11253.1
11255.2
11258.8
11263.9
11293.5
11304.5
11318.9
11326.2
11331.9
11336.1
11342.6
11348.9
11349
11367.7
11374.3
11381.1
11386.6
11386.7
11395.2
11404.6
11414
11429.8
11438.4
11440.9
11446.4
11449.2
11450.7
11459.2
11479.4
11480.4
11485.2
11488.7
11498.8
11523.3
11523.8
11534.2
11553.7
11589.3
11592
11597.6
11607.2
11607.5
11607.9
11608.6
11616.8
11632.8
11668.4
11675.2
11684.9
11685.9
11686.7
11696.7
11702.5
11703.8
11707.8
11721.9
11722.7
11736.8
11740.4
11746.7
11761.7
11773.4
11777.2
11779.9
11784.5
11786.8
11792.7
11798.2
11799
11834.9
11842.1
11853.6
11859.4
11868.1
11879.1
11889
11893.7
11901.8
11911.6
11919.2
11920.7
11934.2
11939.8
11949.7
11951.2
11956.4
11958.6
11970.5
11977.3
11983.1
11990.8
12008
12022.1
12024.6
12050.1
12054.9
12058
12079.5
12084.4
12099.4
12120.1
12120.5
12124.4
12127.7
12144
12148
12154.4
12169.6
12171.2
12188.6
12206.3
12206.8
12211.7
12217.2
12224.4
12232.4
12246.3
12250.5
12258.5
12258.6
12286.7
12298.3
12301.8
12304.5
12312
12326.9
12342
12345.9
12368.3
12374.2
12376.5
12390
12409.6
12413.5
12418.8
12425.3
12429.1
12432.4
12433.1
12438.9
12453.6
12473.3
12489.1
12503.7
12506.5
12512.6
12534.8
12537.2
12538.6
12547.8
12572.7
12584.9
12592
12604.1
12620.4
12622.3
12624.3
12634.9
12639
12660.5
12675.9
12678.7
12686.3
12687.9
12690
12702.7
12706
12742.7
12763.1
12776.6
12784.8
12786.6
12800.9
12803
12814.3
12830.7
12833.9
12838.9
12839.6
12841
12841.7
12841.8
12870.1
12884.7
12887
12897.7
12906.9
12923.9
12938.4
12938.5
12940.8
12952.9
13008
13010.7
13012.8
13015.4
13017.2
13021
13021.9
13035.8
13039.4
13049.3
13057.7
13068
13069.9
13070.6
13073.4
13076.8
13079.3
13087.4
13092
13096.7
13104.2
13116
13116.4
13119.1
13128.5
13139.4
13141
13152.8
13154.8
13171.5
13186.1
13198.2
13203.8
13216.2
13237.5
13247.7
13256
13270.2
13287.2
13289.7
13293.1
13298.1
13298.3
13307.5
13316
13324.2
13333.1
13333.3
13345.4
13365.2
13381.6
13391.2
13401.8
13402.9
13405.5
13437.6
13446.2
13466.2
13468.1
13470.6
13476.9
13495.8
13495.9
13496.8
13498.6
13501.6
13529
13540.6
13544.9
13560.1
13570.8
13588.6
13605.7
13617.7
13629.3
13658.9
13691.9
13692.2
13715.7
13753.5
13756
13759.7
13764.3
13782.4
13799.7
13801.9
13809.1
13810.5
13837.4
13839.8
13842.6
13850.9
13854.3
13867.5
13881.7
13904.7
13931.3
13933.8
13980.2
13983.9
14006.1
14015.7
14022.5
14041
14044.5
14053.7
14056.1
14058.5
14066.7
14073.7
14078.1
14081.6
14087.2
14105.8
14124.6
14135.9
14145.4
14160.7
14169.3
14179.6
14185.5
14196.1
14196.5
14196.6
14215.4
14231.8
14232.3
14238.8
14241
14259.3
14265.6
14278.6
14306.1
14306.4
14328.5
14357.6
14363.4
14371.9
14395.2
14398.7
14401.3
14411.4
14444.5
14449.1
14454.5
14461.4
14468.4
14474
14491.9
14492.4
14499.1
14499.9
14511.7
14515.3
14517.7
14519.9
14522.4
14528.6
14532.6
14539.1
14546.7
14578.4
14596.2
14616.2
14623.2
14633.2
14644.3
14654.1
14656.7
14664.7
14681.2
14684.6
14690.7
14717.6
14725.7
14727
14769.7
14794.9
14827.5
14832.2
14841.3
14845.4
14849.5
14853.9
14864.5
14874.9
14879.9
14883.7
14915
14927.2
14931.5
14932.9
14934
14935.9
14939.6
14959.9
14972.6
14973.1
14994.4
15009.2
15019.7
15020.3
15052.3
15052.5
15062.3
15096.9
15107.5
15135.5
15146.4
15150.6
15153.1
15158.1
15163.4
15175.1
15198.2
15213.2
15222.4
15227.4
15228.7
15236.6
15239.1
15258
15258.6
15267
15271.9
15277.9
15285.4
15288.5
15290.6
15291.6
15295.2
15308.3
15327
15330.1
15359.4
15400.6
15404
15420.8
15438.5
15441.1
15446.8
15452.9
15453.8
15457.8
15476.1
15484.3
15493.4
15505.5
15521.6
15528
15560.8
15566.9
15578.7
15586.1
15604.8
15620.7
15633.2
15658.7
15672.2
15676.5
15693
15693.3
15695.6
15701
15721.5
15736.8
15738.9
15749.5
15756.9
15785.5
15787.1
15809.4
15817.9
15830.7
15858.4
15860.2
15865.4
15870.9
15872.6
15874.8
15874.9
15891.8
15898.4
15902.4
15906.1
15907.7
15924.5
15947.1
15961.3
15966.6
15971.8
15978.2
15998.8
16001.4
16009.3
16018
16022.6
16024.5
16026.4
16062.7
16064.1
16064.5
16081.9
16083
16095.8
16113.6
16126.3
16128.1
16130.1
16137.2
16139.1
16150.3
16154.7
16156.6
16180.2
16184.3
16190.3
16191.7
16199.1
16200.7
16241.4
16245.7
16256.8
16268.3
16269.8
16270.6
16286.4
16286.9
16296.4
16313.3
16319.6
16328.5
16331.7
16346.1
16365.3
16366.6
16390.3
16412.6
16414.9
16417
16426.9
16428.7
16432.5
16435.3
16440.8
16457
16465.8
16481.1
16510
16519.3
16522
16548.5
16550
16606
16611
16632.6
16632.7
16636.6
16653.9
16669
16675.6
16683.5
16695.7
16709.1
16709.1
16711.8
16713.3
16721.2
16740.2
16740.4
16742.3
16751.9
16752.3
16756.2
16758.1
16788.2
16801.8
16807.3
16842.7
16866.5
16870.3
16890.3
16893.6
16898
16904.5
16942.7
16943.9
16952.8
16955
16957.4
16960.2
16964
16972.7
16978
16999.1
17015.2
17015.7
17024.7
17026.9
17042.3
17049.4
17061.5
17062.1
17063.7
17071.4
17075.6
17076.5
17085.3
17090
17097.7
17123.4
17133.8
17137
17137.4
17138.5
17141
17142.4
17150.1
17155.5
17182.1
17188.1
17194.5
17211.1
17226.3
17238.4
17264.1
17268.4
17280.7
17284.1
17296
17328.4
17336.8
17343.5
17343.7
17348.6
17356
17375.9
17391.9
17394.8
17410.4
17411.5
17413.2
17425.8
17430.1
17437.3
17439.7
17442.1
17450.1
17466.9
17472.8
17486.7
17489.7
17533
17538.8
17542.9
17568.3
17598.6
17605
17615.2
17621.4
17623.2
17650
17660.3
17660.5
17669.9
17701.5
17711.5
17712.9
17713.3
17724.7
17724.8
17727.3
17728.6
17738.3
17753.6
17770.6
17786.9
17798.2
17802
17812.2
17813.6
17825
17829.1
17832.5
17852.5
17879.9
17885
17932.1
17943.6
17948.5
17966.4
17979.6
17984.7
17997.3
18001.7
18043.1
18045.3
18067.4
18068.5
18072.1
18076.3
18077
18093.4
18106.3
18111.5
18137.4
18157.6
18187.4
18193.5
18208.6
18214
18230.6
18250.7
18261.7
18270.3
18281.6
18286.2
18295.7
18329.6
18342.6
18346.2
18350.5
18361.2
18367
18367.4
18393
18400
18401.9
18411.4
18449.8
18459.8
18464.8
18492.2
18493.4
18498.2
18504.2
18514.2
18522.9
18522.9
18530.4
18541.9
18574.6
18575.1
18599.6
18627.8
18629.4
18635.9
18660.1
18666.4
18667.7
18668.3
18680.1
18723.1
18729
18778
18779
18795.7
18806.4
18814.7
18827.1
18831.8
18835.6
18851.4
18851.6
18874.8
18935.9
18944.3
18950.2
18970.1
18989.9
18991.4
19003.5
19023.2
19025.6
19029
19029.3
19057.2
19069.3
19071.5
19115.3
19124.9
19136.3
19141.7
19154.1
19155.8
19168.4
19191.3
19193.2
19203.7
19218.1
19226.9
19256.3
19287.4
19294.6
19306.2
19313.8
19315.2
19327.5
19343.8
19358.3
19364.2
19366.9
19390.1
19392.4
19393.6
19422
19423.2
19456.5
19468.7
19470.1
19471.7
19499.9
19536.6
19549.5
19568.7
19612.3
19625.3
19628.7
19634.3
19635.6
19645.4
19673.5
19678.8
19683.2
19684.7
19689.4
19691
19716.3
19717
19718.6
19720.2
19721.4
19723.1
19753.7
19762.3
19771.5
19791.4
19793.3
19799.4
19835.2
19845.5
19859.7
19865.1
19866.7
19866.9
19878.3
19888.7
19895.7
19917.7
19934.7
19938.7
19949
19953
19955.3
19961.2
19999.7
20009.1
20057.3
20064.9
20067.7
20074.4
20075.5
20076.1
20085.5
20088.4
20106.1
20107.7
20117.7
20135.1
20137.9
20143.3
20147.8
20160.5
20166.1
20188.1
20192.4
20199
20218.7
20224.8
20233.4
20248.9
20249.6
20253.1
20254.6
20267.2
20274
20286.2
20288.2
20293.5
20301.2
20312.7
20314.3
20317.1
20329.6
20330.3
20339.5
20340.9
20342.5
20344
20369.2
20371.6
20383
20396.4
20397.1
20401.2
20408.2
20473.5
20487.4
20489.4
20507.7
20534.5
20551.5
20562.2
20573.3
20580.2
20601.3
20629.3
20662.6
20662.6
20666.3
20692.7
20697.7
20697.8
20711.3
20718.1
20723.6
20723.9
20731.4
20737
20747.2
20749.6
20770.8
20773.6
20778.3
20795.2
20804.5
20808.8
20814.7
20814.9
20832.8
20841.1
20845.7
20846.7
20849.7
20849.9
20854
20855.8
20858.7
20879.3
20883.9
20886
20888
20889
20905.1
20918.6
20918.8
20919.1
20923
20937.9
20938.5
20940.6
20941.8
20944.1
20952
20965.3
20975
20995.8
21007
21011
21031.7
21046
21050.9
21067.6
21076.9
21087.4
21103.9
21116.8
21135.3
21138.5
21140.1
21147.7
21164.2
21171.6
21176.1
21181.2
21183
21213.6
21225.6
21227.5
21228.2
21230.2
21233
21240.3
21253.6
21258.4
21267.1
21279.7
21284
21286.5
21301.6
21309.4
21314
21329.8
21336.4
21338.1
21354.3
21355.6
21371.8
21378.3
21399.7
21406.1
21428.9
21430.7
21441.2
21441.8
21484.9
21490.9
21500
21504.8
21515.9
21525.8
21527.4
21543
21552.7
21578.4
21578.5
21598.7
21625.2
21646.7
21655.1
21673.4
21691.8
21703.2
21713.9
21720.1
21730.8
21739.6
21743.3
21746.3
21769.1
21804.4
21812.1
21817.9
21818.6
21819.9
21820.5
21823.9
21827.4
21830.5
21856.9
21861
21868.9
21869.3
21886.1
21897.7
21916
21918.1
21924.2
21926.8
21934.2
21950.1
21957.1
21965.7
22025.5
22035.9
22049.4
22049.9
22074.9
22081.6
22083.7
22087.4
22097.4
22102.5
22122.1
22144.4
22151.1
22159.5
22184.4
22186.9
22194.2
22206.3
22210.2
22249.6
22263.7
22264.7
22269.9
22272.9
22281.3
22293.2
22300.4
22319.5
22328.4
22351.4
22356.7
22373.2
22375.8
22376.2
22389.9
22391.6
22404.2
22407.4
22413.2
22417.9
22422
22429.8
22431.1
22431.2
22433
22433.3
22463.2
22466.7
22475.7
22484.4
22507.3
22522
22524.9
22560.1
22561.7
22565.7
22577.3
22585.3
22592.5
22593.7
22603.1
22610.9
22615.4
22616.2
22632.6
22668.7
22670.3
22680.7
22692.7
22699.2
22702.4
22713.8
22715.5
22743.1
22743.2
22744.1
22755.8
22757.9
22780
22789.4
22792.5
22813.6
22822.4
22839.2
22844.2
22894.6
22902.3
22915.6
22938
22938.3
22955.1
22959.7
22960.6
22989.2
22993.9
22994.7
22999.6
23008.8
23022.7
23025
23039.5
23041.3
23041.8
23054.5
23057.8
23058.6
23071.4
23081
23090.9
23092.8
23163.2
23163.5
23168.9
23169.9
23178.9
23182.6
23186.3
23189.1
23192.2
23216.2
23222.3
23233.9
23234.3
23235
23249.2
23250.8
23256.8
23258.9
23274.9
23276.4
23282.4
23295.5
23335
23345.4
23347
23349.4
23377.1
23379.5
23397.6
23399.3
23419.7
23424.6
23432.8
23432.8
23445.3
23491.8
23500
23500.2
23501.1
23503.2
23506.8
23507.3
23515.9
23525.5
23532.7
23534.1
23544.9
23554.5
23555.4
23557.4
23560.7
23565.1
23569.8
23578
23585.7
23608.4
23618.6
23638.7
23645.2
23664.1
23677.8
23680.6
23729
23738.4
23741
23753.1
23760.1
23784.9
23797.7
23799.8
23803.7
23816.1
23834.3
23846
23849.8
23856.1
23873.2
23876.2
23883.3
23885.2
23889.1
23892.1
23896.3
23902.7
23909.9
23919.8
23930.5
23935.7
23940
23950.4
23968.2
23973.5
23975.7
23982
23986.7
23988.4
23996.9
24000.5
24003
24017.3
24022.5
24024.5
24041.2
24053.5
24055
24063.7
24085.5
24090.5
24109
24115
24126.4
24132.7
24135.6
24144.5
24147.8
24151.6
24158.4
24163.7
24168.6
24170.3
24176.8
24185.7
24190.1
24198.3
24199.4
24208
24244.7
24251.2
24253.8
24254.7
24255.2
24267.7
24280.2
24296.2
24316
24318.4
24320.4
24350.9
24355.4
24370.3
24374.7
24385.6
24394
24413.4
24428.4
24457.5
24463.4
24484.2
24492.5
24528.3
24539.2
24550.8
24556.7
24566.3
24577.4
24583.4
24586.2
24588.4
24604.4
24607.3
24607.5
24614.5
24617.4
24639.2
24653.7
24680.2
24682
24682.2
24688.4
24694.7
24704.3
24705.8
24707.4
24715.1
24723.3
24724.7
24735.4
24740.9
24744.5
24744.6
24754.9
24774.9
24777.9
24786
24787.5
24793
24798
24801.1
24812
24815.9
24829.1
24847.8
24851.3
24869.3
24871.1
24886.9
24891.3
24895.6
24907.3
24912.4
24935.3
24936.7
24938
24949.6
25004.4
25027.1
25050.1
25053.7
25053.7
25061.6
25080.5
25095.7
25097.2
25103.7
25111.1
25145.3
25149
25154.4
25157.9
25159.2
25159.3
25165.8
25171.9
25176.9
25204
25207.9
25245.9
25259.5
25267
25269.7
25271.7
25284.5
25290.5
25310.1
25313.4
25337.2
25361.2
25389.6
25403.6
25417.1
25430.3
25446.8
25457.9
25481
25499.1
25514.6
25516.6
25529.2
25567.1
25571.4
25580.7
25581.9
25587.7
25587.8
25587.9
25589.8
25603.8
25615.1
25617.6
25634.5
25635.7
25662
25672.8
25675.9
25683
25690.1
25708.6
25760.2
25768.8
25774.8
25781.6
25784.1
25797.1
25803.7
25808.9
25818.7
25824.8
25825.8
25845.5
25859.1
25861.8
25875.4
25878.4
25891.9
25897.2
25908.7
25911.9
25923.4
25930.5
25931.7
25933.7
25938.4
25945.9
25962.1
25990.3
26002.6
