0
25.7307
67.1177
146.443
175.79
195.7
218.175
241.684
260.617
299.246
338.667
366.979
377.514
384.94
395.058
444.874
448.49
537.072
539.679
556.75
565.032
600.832
630.328
634.317
661.222
671.946
714.09
718.019
733.032
737.861
751.5
760.777
763.75
799.771
826.417
838.75
842.975
864.243
899.32
908.247
917.773
950.482
959.347
965.788
968.314
975.432
987.161
1005.68
1034.39
1043.57
1047.52
1105.31
1129.42
1143.06
1148.15
1149.02
1153.35
1162.65
1183.35
1188.58
1189.62
1197.33
1210
1235.55
1244.4
1249.2
1252.06
1268.78
1299.61
1314.15
1320.18
1329.9
1339.59
1344.85
1351.2
1360.3
1371.58
1374.83
1379.86
1387.9
1400.14
1415.39
1422.72
1430.76
1440.3
1472.28
1474.64
1477.28
1481.3
1525.4
1557.71
1570.14
1678.96
1709.9
1714.02
1718.49
1746.76
1777.99
1791.05
1792.79
1809.15
1847.13
1869.48
1874.63
1892.25
1896.72
1909.22
1923.17
1923.59
1924.33
1924.47
1950.46
1952.53
2017.76
2051.3
2071.78
2093.08
2151.04
2168
2189.44
2213.15
2220.72
2313.59
2317.19
2323.42
2328.61
2353.2
2354.89
2402.77
2403.18
2412.96
2466.2
2561.44
2582.79
2647.03
2657.01
2692.94
2706
2724.02
2726.64
2741.66
2744.62
2744.94
2747.48
2771.21
2822.67
2827.21
2872.71
2874.76
2892.15
2926.47
2930.98
2967.79
2973.71
2980.94
2996.48
3011.6
3056.34
3066.62
3078.27
3092.07
3100.12
3125.9
3135.44
3138.04
3158.62
3159.15
3213.89
3232.78
3237.62
3255.46
3302.3
3315.67
3316.03
3373.42
3429.06
3473.12
3480.69
3518.65
3542.8
3556.99
3601.9
3644.07
3648.88
3655.4
3659.47
3668.61
3748.66
3875.12
3877.06
3895.2
3920.3
3943.97
3988.96
3990.09
3998.63
4006.47
4030.83
4051.17
4089.72
4103.73
4124.55
4165.33
4181.33
4192.69
4221.12
4230.83
4268.74
4285.89
4287.24
4301.88
4322.36
4352.59
4353.73
4382.04
4421.98
4430.42
4442.69
4453.7
4456.25
4480.57
4496.49
4504.26
4522.7
4538.67
4546.82
4623.54
4628.03
4741.79
4746.26
4754.74
4771.33
4822.96
4829.6
4829.97
4850.34
4850.74
4965.15
4991.69
4992.11
5041.12
5053.65
5077.18
5096.22
5096.45
5115.75
5126.95
5139.12
5140.38
5146.8
5178.4
5179.28
5185.55
5186.52
5191.66
5226.71
5228.58
5277.49
5346.09
5350.13
5353.93
5398.52
5420.33
5423.88
5457.33
5472.82
5489.87
5507.43
5518.83
5573.93
5588.24
5606.22
5636.57
5650.74
5722.34
5734.81
5759.59
5769.77
5796.37
5811.85
5827.2
5831.06
5839.38
5867.08
5884.11
5896.7
5900.55
5902.73
5923.23
5937.78
5940.81
5958.17
5961.52
5963.55
5980.92
6023.91
6034.06
6086.01
6086.3
6120.2
6121.7
6124.55
6129.87
6134.78
6146.19
6177.52
6241.32
6267
6272.35
6279.65
6283.15
6299.49
6313.86
6327.71
6343.33
6363.34
6376.71
6402.14
6404.83
6425.32
6458.91
6459.08
6474.75
6505.66
6529.88
6554.01
6555.84
6589.96
6595.46
6628.49
6654.37
6655.37
6686.19
6725.17
6762.17
6775.89
6795.49
6805.33
6837.74
6855.53
6861.56
6885.24
6895.2
6911.12
6917.18
6955.73
7002.32
7024.05
7110.53
7126.05
7158.12
7162.05
7167.18
7189.34
7193.76
7219.04
7222.03
7239.53
7250.25
7254.21
7258.43
7258.49
7260.49
7260.65
7335.88
7350.71
7364.56
7368.48
7410.28
7451.32
7485.07
7501.86
7508.5
7512.66
7514.44
7519.89
7542.88
7581.34
7648.96
7657.88
7666.39
7678.64
7693.52
7705.16
7733.13
7776.96
7789.81
7817.34
7918.95
7924.1
7924.89
7957.45
7989.12
7998.43
8016.54
8040.76
8042.77
8107.33
8114.29
8128.29
8128.86
8141.35
8152.06
8189.87
8211.3
8214.86
8294.06
8343.37
8390.03
8406.11
8406.7
8476.04
8478.92
8522.33
8547.94
8569.78
8578.58
8604.72
8616.8
8640.47
8660.23
8665.4
8705.74
8727.44
8832.42
8868.15
8876.52
8933.65
8961.55
9024.19
9031.03
9050.63
9092.41
9101.58
9139.49
9149.32
9167.73
9171.75
9190.74
9213.78
9235.82
9261.35
9266.87
9268.27
9278.68
9304.3
9317.2
9320.12
9333.47
9342.77
9348.96
9352.53
9373.77
9376.84
9433.32
9439.67
9517.82
9522.81
9523.61
9534.24
9553.67
9562.91
9571.24
9576.58
9595.94
9612.82
9637.01
9644.99
9661.16
9673.39
9677.71
9700.12
9726.26
9737.43
9739.73
9756.95
9760.14
9772.91
9787
9794.92
9849.18
9905.66
9908.47
9912.99
9932.69
9954.76
9968.41
9997.76
10020.8
10025.4
10029.4
10039.5
10063.4
10074.5
10119.1
10127.2
10157.9
10162.6
10177.2
10194.1
10225.9
10255.7
10269.3
10283.4
10339.6
10365.2
10374.6
10382.5
10385.6
10397.4
10406.3
10412.9
10417.8
10426.8
10458.4
10485.7
10532
10571.1
10603
10607.1
10631.1
10673.6
10703.9
10721.1
10721.5
10775.9
10780.3
10848.6
10899
10899.8
10906.5
10907
10918.3
10928.9
10975.9
10981.8
11048.2
11049.6
11061.7
11138.1
11139.4
11153.9
11155.4
11163.9
11182.8
11215.5
11235.1
11249.3
11256.8
11293.2
11324.2
11328.3
11361.9
11412.1
11416.3
11424.1
11431
11435.3
11454.9
11481.8
11514.8
11526
11559.7
11567.5
11574.2
11577.7
11623
11624.5
11663.2
11693.2
11743.3
11750.9
11752.5
11807.6
11813.4
11829.2
11832.3
11837.7
11853
11860.5
11875
11876.4
11884
11915.1
11942.1
11946.6
11965.1
11972.3
11991.3
12063.6
12070.3
12096.6
12096.7
12120.5
12127.6
12170.7
12178.3
12214.6
12246.3
12263.4
12347.1
12350
12359.5
12367.8
12368.2
12383.8
12392.9
12401.2
12402.7
12408.8
12409.3
12456.2
12468
12476
12492.2
12503
12505.3
12524.1
12529.8
12536.3
12549.8
12589.1
12596.5
12597.1
12598.9
12602.7
12604.5
12605.6
12617.2
12700.1
12740.3
12747.8
12781.9
12786
12806.4
12829.5
12875.9
12930.4
12963.5
13000.9
13001.4
13006.2
13009.1
13031
13049.3
13057.5
13123.3
13126.6
13136.4
13141.4
13168.6
13169.7
13180.9
13200
13214.5
13236
13250.4
13284.5
13303.1
13305
13417.7
13423.3
13428.9
13429.1
13432.1
13434
13476.6
13481.1
13498.2
13506.2
13540.3
13562.3
13601.7
13619.1
13632.7
13641.6
13652.4
13677.5
13688.2
13700.7
13704.5
13710.1
13737.7
13741.6
13760.3
13809.8
13864.7
13868.7
13875.3
13932.2
13941.1
13942.3
13956.3
14022
14056
14060.1
14071.1
14124.3
14131.2
14138.9
14139.4
14148.9
14149.3
14150.7
14184.3
14195.5
14206
14207.3
14219.8
14275.3
14284.3
14386
14415.1
14430.8
14447.7
14476.4
14484.4
14485.8
14489.6
14524.8
14533.5
14538.1
14584.4
14585.2
14587.8
14607.6
14627.9
14647
14666.2
14678.5
14744.8
14753.3
14790.8
14811.2
14818
14847.8
14874.7
14880
14904.9
14919.9
14967
14986.3
15058
15061.2
15090.3
15115.2
15155.3
15166.9
15172.6
15179.4
15211.6
15237.8
15258.5
15263.2
15279.2
15286.3
15311.3
15313.2
15337.3
15363
15468.7
15495.6
15496
15548.3
15565.4
15567.1
15567.1
15569.3
15581
15584.8
15592.5
15620.4
15651.7
15685.7
15687.2
15692.3
15692.5
15692.8
15709.4
15711.8
15731.4
15784.3
15786.5
15806.5
15877.6
15889
15890.8
15891.2
15927.5
15929.6
15963.1
15965.8
15967.8
15989
15997.6
16001.8
16030.9
16043.1
16049.9
16054.1
16055.2
16058.4
16065.4
16086.6
16095.7
16109
16114.4
16148.9
16213.1
16231.1
16262.6
16272.4
16309
16324.5
16325
16326
16350.8
16374.7
16408.9
16419.8
16421.9
16432.4
16456
16479.7
16498.7
16545.8
16568.3
16569.7
16585.3
16614.5
16618.3
16666.2
16683.4
16692.5
16698.4
16716.4
16777
16793.2
16820.5
16848.3
16874.6
16874.9
16888.4
16955
16967.3
16981.5
16983.8
16990.9
16992.5
17058.2
17100.8
17109.4
17121.7
17124.5
17140.5
17198.2
17198.7
17200.6
17262.7
17307.4
17335.6
17340.4
17355.1
17372.6
17427.7
17432.9
17502.7
17562
17566.8
17643.6
17660.2
17677.2
17739.7
17762.4
17773.6
17804.9
17810.6
17837.7
17856.8
17893.6
17908.6
17912.9
17935.6
17945.1
17978
17979.9
18024.6
18031.8
18039.5
18080.6
18115.9
18116.7
18136.2
18193.3
18193.4
18213.3
18239.2
18268
18286
18292
18293.4
18295.9
18302.8
18318.3
18339.1
18358.1
18360.3
18376.3
18399.3
18403.2
18423.5
18435.4
18439
18445
18473.1
18480.5
18491.4
18497.5
18502.3
18532.5
18558.9
18595.2
18612.2
18705.7
18718.9
18763.8
18766.3
18784.8
18792.3
18849.1
18888.2
18943.5
18974
18982.8
18988
18993.2
19008.8
19012.7
19021.4
19038.8
19040.1
19063.5
19065.9
19070.1
19077.8
19087.7
19116
19130.1
19156
19194.1
19226.4
19242
19251.5
19286.5
19303
19316
19317.3
19343.4
19347.5
19375.7
19380.8
19419.6
19545.4
19560.8
19588.7
19609.1
19616.6
19631.9
19665.8
19669
19684.1
19685.6
19709.2
19720.5
19727.2
19743.6
19760.5
19764.4
19765.5
19779
19832.6
19838.6
19841.2
19848.7
19849.8
19859.5
19916.1
19955.3
19955.7
19956.9
19958.4
19964.6
19964.7
20114
20143.8
20176.3
20192.8
20199.9
20271.6
20273.8
20310.8
20315.4
20361.9
20407.3
20414.9
20416.5
20418.4
20424.6
20445.8
20452.6
20489
20509.2
20531.4
20581.2
20616.1
20629.9
20646.8
20652.6
20656.3
20709.8
20729.8
20731
20748.6
20756.7
20779.8
20781.7
20794.3
20816.6
20825.5
20872.7
20878.3
20894
20894.3
20904.3
20913.1
20914.9
20919.2
20925.7
20941.8
20964.3
20991.4
20992.9
20996.3
21005.7
21028.5
21058.5
21059.2
21065.8
21066.4
21100.3
21163.8
21169
21197.3
21197.9
21200.3
21232.6
21251.6
21286.6
21332.5
21343.7
21374.5
21392.7
21396.6
21449.3
21497
21524.8
21532.4
21553.9
21557.7
21595.5
21597.6
21615.5
21621.5
21638.2
21648.8
21670.3
21697.2
21713.6
21728.7
21753.1
21813.2
21827.9
21829.4
21870.6
21882.1
21907.1
22000.5
22001.4
22056.2
22132.3
22160.2
22209.5
22238.1
22243.9
22272.5
22294.7
22324.9
22334.5
22334.7
22383
22396.4
22435.3
22448.4
22452.2
22483.5
22528.4
22553
22559.7
22573.1
22575.2
22580.5
22584.5
22590.4
22598
22618.4
22626.4
22670.1
22689.5
22706
22706.9
22728.1
22768.9
22775.1
22778.4
22798.3
22834.4
22850.3
22873.9
22877.8
22881.5
22885.4
22888.4
22902.1
22916.8
22948.9
22949.3
22969.8
22989
22998.9
23027.6
23055.4
23063.8
23066.4
23127
23161.3
23169.5
23174.2
23232.7
23239.7
23272.1
23274.5
23292.9
23320.1
23339.2
23362.1
23362.8
23467.1
23473.8
23484.4
23500.3
23517.4
23523.4
23535.6
23540.2
23545
23550.9
23553.9
23560.4
23583.8
23586.6
23626.7
23662.8
23666.4
23698
23735.2
23742.2
23746.5
23758
23856.3
23960.4
23962.8
23972.4
23998.2
24006.9
24065.1
24088
24101.8
24147.8
24150.3
24156.3
24188.2
24188.9
24226.5
24269.4
24280.1
24281.4
24284.3
24289.4
24298.4
24306.2
24334.2
24348.4
24365.5
24395.6
24400.9
24403.6
24426.5
24442.2
24466.8
24503.3
24513
24532.6
24543.7
24562
24566.2
24575.9
24641.5
24671.2
24677
24694.8
24808.1
24810.7
24811.4
24821.5
24856.1
24887.4
24913
24964.7
24985.8
25020.4
25045.1
25083.8
25090.8
25136.6
25196.5
25213.8
25254
25325.3
25326.4
25353
25395.9
25426.2
25432.7
25435.7
25450.1
25538.6
25538.9
25551.1
25572.3
25595
25608.5
25641
25708.2
25736.3
25759.5
25770.9
25791.9
25793
25800.1
25808
25819.1
25829.5
25880.7
25896.2
25901.9
25915.8
25916.9
25966.5
25988.2
26019.4
26020.2
26026.8
26079.4
26113.3
26136.5
26157.7
26163.4
26167.3
26181.6
26198.8
26221.9
26232.3
26253.9
26268.4
26271.3
26291
26291.9
26303.8
26304.5
26329.2
26386.8
26388.4
26412.2
26456.9
26460.2
26503
26523.8
26548.7
26562.7
26566.4
26601.7
26606.9
26611.7
26621.3
26639.4
26646.8
26649.3
26663.4
26689
26719.2
26781
26794.4
26799.1
26807.9
26830.9
26862.8
26893.7
26927.5
26929.1
26947.6
26969
26970.9
27018.6
27027.6
27028.7
27053.1
27057.3
27101.5
27132.6
27153.9
27205.4
27248.5
27260.6
27280.3
27292.4
27296.3
27346.3
27385.3
27410.8
27418.6
27442.3
27444.6
27457.3
27471.6
27484.7
27498.6
27505.9
27527.3
27554.2
27566.8
27597.9
27622.5
27625.4
27630.2
27673.3
27683.3
27732.3
27750.4
27762.8
27849.2
27853.2
27910.4
27928.5
27936.6
27938.9
27954.2
27967.5
27978.3
27981.8
27987.8
28017
28056.4
28066.9
28085.7
28119.4
28124.1
28127.4
28161.5
28167.5
28183.3
28192.8
28231.2
28240.9
28280.9
28285.1
28307.9
28318.6
28333.1
28337.6
28338.4
28346.7
28354.5
28370.5
28370.6
28402.3
28438.2
28442.7
28461.7
28465.6
28472.5
28474.2
28481.7
28499.9
28517
28523.5
28547.1
28556
28563.4
28592.9
28594.9
28596.3
28621.3
28630.7
28661.1
28682.8
28695.7
28718.1
28750.4
28750.5
28807.2
28856.8
28886.2
28917.5
28961.5
28968.6
28984.4
28984.6
28986
29015.4
29063.1
29096.8
29104.9
29114.9
29117.9
29137.4
29180.4
29200.3
29214.1
29228.8
29238.5
29257.3
29278.2
29286.2
29287.2
29312.1
29336
29352.2
29383.5
29399.6
29409.6
29413.4
29417.2
29425.7
29427.4
29435.2
29458.5
29491.9
29492.6
29546.5
29549.9
29558.9
29634.2
29636.5
29645.8
29647.6
29673.4
29679.4
29695
29697.1
29750.1
29771.7
29831.2
29842.4
29876.3
29943.2
29965.9
29969.3
29974.4
29986.5
29991.4
30026.5
30027.7
30066.3
30072.9
30115.4
30133.3
30135.3
30212.5
30217.6
30230
30238.1
30253.8
30254.5
30298.8
30320.4
30322.3
30354.2
30369.1
30370.4
30392.8
30414.4
30422
30460
30475.6
30477.2
30496.9
30543.5
30556.1
30564.4
30633.5
30670.9
30760.6
30761.1
30762.2
30765.4
30782.4
30784.5
30787.5
30838.8
30863.3
30880.2
30885.2
30886
30945.4
31009.2
31012.5
31048.3
31111.4
31117.9
31162
31165.1
31180.7
31181.4
31195.9
31228
31230.4
31235.3
31286.3
31293.9
31326.2
31342.2
31355.6
31402
31421.2
31478
31483.5
31486.5
31494.6
31544.2
31553.7
31568
31575
31647.7
31657.2
31658.7
31677.2
31723.2
31742.7
31749.4
31776.2
31867.8
31868.7
31916.2
31917.8
31918.6
31925.8
31929.8
31933.5
31934.6
31947.6
31960.2
31972.6
31974.6
31977.3
31978.6
31995.7
32013.1
32020.7
32034.2
32047.6
32052.5
32053.3
32062
32063.1
32083.6
32112.9
32166.1
32227
32241.8
32304.5
32309.8
32320.4
32322.7
32348.8
32459.1
32489.8
32511.1
32518.1
32545.2
32551.6
32572.3
32609.6
32618
32626.1
32626.8
32651
32705.3
32715.2
32743
32751.7
32757.7
32826
32849.6
32853.7
32872
32884.4
32889.3
32924.3
32975.8
32989.6
33011.2
33032.5
33037.6
33042.2
33099.1
33100.1
33113.5
33153.3
33155.2
33160.3
33177.1
33183.3
33193.7
33243.2
33290.4
33290.9
33293.1
33294.9
33310.7
33326.6
33423.6
33433.8
33441.4
33484.3
33494
33516.7
33517
33565.6
33582.9
33591.3
33633.1
33664.5
33666
33684.1
33714.5
33723.7
33730.2
33764.8
33781.9
33831.5
33845.1
33866.1
33901.4
33906
33907.8
33911.1
33951
33997.1
34004.6
34009.2
34024.3
34033.4
34066.4
34068.8
34100.9
34128.1
34131
34132.3
34165.3
34172.5
34174.7
34180
34192
34231.5
34254.8
34275.9
34318.2
34325.2
34341.9
34387.1
34398.6
34403.6
34421.3
34495.2
34533.9
34572.2
34589.7
34631.7
34635.1
34666.5
34693.7
34738.2
34744
34749
34791.1
34831.3
34838.2
34859
34861.2
34861.5
34903.4
34906.8
34912.4
34921
34939.9
34956
34977.1
35022.1
35081.9
35166.6
35185.9
35193.5
35195.7
35197.9
35202.5
35250.6
35285.4
35330.4
35387.6
35390.2
35413.2
35442.9
35554.2
35567.8
35570.1
35584.5
35596.6
35608.6
35628.3
35642
35643.6
35663.6
35687
35689.8
35730.8
35747.4
35761.6
35767.5
35795.1
35796.4
35806.2
35810.5
35811.2
35819.3
35845
35846.6
35863.4
35880.2
35902.3
35930
35946.7
35963.3
35964.4
36013.5
36056.5
36064.1
36089.6
36094.2
36125.7
36128.2
36151.1
36153.8
36161.6
36190.6
36195.9
36218.1
36219.5
36246.2
36311.2
36321.7
36322.6
36329.1
36334.1
36342.5
36415.6
36423.2
36430
36551.8
36590
36593
36605.5
36617.1
36633.1
36641.8
36667.3
36681.2
36699.4
36753.5
36771.6
36802.6
36821.6
36907.4
36935.2
36935.4
36985.6
36990
37013.5
37027.1
37053.7
37065.6
37077.2
37084.3
37156.7
37226.2
37227.3
37236.6
37239.7
37260.9
37272.8
37303
37306.7
37312.4
37314.9
37329.2
37379.9
37382.7
37402
37407.9
37470.5
37515.8
37520.8
37556.7
37614.8
37653.8
37666.1
37690.4
37718.9
37744.6
37749.5
37759.7
37767.6
37775
37793.9
37823.2
37834.2
37838.9
37866.5
37876.4
37898.5
37898.6
37902.2
37915.8
37920.1
37921.5
37949.9
37957.3
37974.9
37976.1
37990.5
38023.2
38076.2
38079.1
38103.7
38113.7
38143.2
38149.1
38153.1
38153.1
38168.9
38198.9
38219.2
38232.2
38237.3
38238.4
38240.3
38263.7
38276.4
38312.8
38338.6
38347.7
38350.6
38356.9
38370.7
38383.6
38408.4
38413.3
38413.7
38435.5
38456.9
38457.3
38494.1
38532.9
38549.5
38559.9
38567.6
38572.3
38613.5
38616.8
38638.9
38646.3
38649.9
38650.3
38657.6
38672.8
38700.2
38706.8
38722.9
38770.2
38787.3
38825.7
38851.2
38867.8
38873.8
38880.5
38934.1
38940.2
38953.1
38995.5
39002.3
39057.5
39092.1
39094.1
39112.2
39124.4
39126.8
39136
39196.7
39197.9
39213.5
39218.3
39231.4
39247.2
39273.9
39285.5
39371.2
39372.9
39418.4
39422.9
39453.5
39477.8
39523.5
39547.7
39647.8
39652.8
39664.7
39669.2
39679.9
39699.3
39711.8
39756.6
39765.6
39766.2
39778.8
39780.4
39796.7
39865.5
39872.4
39893.3
39902.4
39911.7
39917
39924.9
39974.4
39984.4
39989.2
39997.6
40021.2
40040
40044.5
40060.8
40064.9
40089.9
40108
40111
40119.9
40164.7
40198.3
40210.6
40255.1
40276.6
40360.6
40373.9
40387.3
40407.7
40408.8
40457.5
40461.5
40472.1
40498.6
40501.2
40510.9
40567.6
40598.8
40632.3
40711.8
40766.8
40784.2
40825.5
40847.7
40857.2
40881.6
40900
40921.9
40922
40928.8
40931.8
40973.8
40974.4
40975.6
41002.5
41022.4
41038
41052.2
41055.2
41067
41087.1
41114.3
41131.5
41139.4
41180.3
41201.5
41210.3
41241.6
41270.3
41295.7
41297.6
41316.4
41333.6
41369.3
41376.7
41419.7
41428.3
41462.3
41481.1
41500.5
41573.4
41609.6
41620.6
41652.2
41655.6
41683.8
41690.7
41692.5
41709.2
41710.3
41724.8
41732.6
41751.8
41773.3
41790.8
41804.1
41805.2
41832.1
41876.6
41886.6
41904.9
41906.9
41910.8
41919.1
41929.3
41941.8
41956.5
42009.5
42018.5
42043
42051.7
42116.8
42121.4
42144.3
42148
42154.2
42196.8
42229.8
42238.3
42252.9
42274.7
42287.1
42312.6
42317.5
42329.7
42330.3
42357.2
42363.3
42378
42379.2
42400.7
42439.2
42449.1
42515.1
42544.8
42565.3
42613.5
42615
42649.7
42683.5
42698.5
42701.5
42704.5
42708.5
42710.5
42711.3
42728.2
42763.3
42768.4
42776
42814.9
42825.4
42833.1
42841.2
42915.4
42924.2
42934.8
42938.2
42938.3
42951.5
42957.2
43011.7
43019.6
43044.1
43045.3
43057.4
43064.8
43095.4
43098.8
43109.3
43111.7
43118.6
43123.5
43147.5
43185.8
43186.4
43208.4
43216.6
43252.3
43259.1
43260.6
43274.8
43320.9
43403.3
43431.2
43470.9
43471.9
43484.4
43484.9
43525.3
43547.8
43549.7
43552.1
43552.5
43581
43656.2
43671.5
43697.5
43716.5
43737
43776.4
43802.5
43816.8
43818.3
43837.2
43837.8
43838.3
43843.9
43859.5
43871.4
43873.2
43887.2
43902
43903
43910.2
43913.1
43923.6
43926.6
43946.4
43963.2
43964.4
43973.1
43977.5
43980.8
44077.2
44078.5
44085.1
44112.4
44132.3
44134.1
44136.5
44162.9
44183.6
44186.5
44189.7
44224
44277.9
44344.9
44365.5
44466.7
44492.4
44500.7
44504.4
44508.2
44519.2
44528.2
44544.4
44567.1
44574.4
44627.2
44676.5
44699.1
44710.9
44738.6
44830
44853.3
44878
44890
44917.8
44928.4
44935.1
44937.2
44977.3
44979.5
45010.2
45025.3
45035.1
45060.2
45060.5
45072.4
45092.7
45115.9
45132.6
45138.2
45146.7
45175
45179.5
45195.6
45199.4
45208.7
45217.1
45219.8
45229.9
45238.8
45244.8
45253.7
45274.7
45296.6
45305.6
45327.3
45334.3
45368.8
45369.3
45412.9
45486.9
45509.1
45516.4
45566.1
45592.1
45603.5
45614.8
45662.6
45678.3
45737.9
45850.7
45907.3
45947.9
45950.3
45965.9
45968.5
45972.8
45984.9
45988.1
46016.1
46038.8
46072.7
46077.3
46081.8
46095.6
46098
46155.7
46157.1
46162
46181.6
46199.7
46228
46231.7
46244.1
46249.3
46352.2
46382.1
46400.1
46402.6
46405.9
46417.7
46420.8
46433.8
46459.4
46465.4
46466.4
46471.8
46552.2
46556
46589.9
46594.6
46656.8
46657.7
46712.3
46717
46721.3
46770.1
46772.2
46777.1
46787.3
46798.7
46801.4
46817.1
46839.1
46844.6
46849.4
46849.6
46849.9
46871.4
46875.1
46881.5
46893.1
46905.5
46908.3
46924.9
46935.1
46944.5
46954
46954.5
46965.3
46991.1
47030.9
47033.6
47043.3
47044.4
47049.6
47071
47113.3
47125
47141.7
47161.2
47207.7
47253.4
47254.5
47272.3
47292.1
47294.3
47329.3
47336.2
47347.1
47358.2
47384.7
47418.5
47447.2
47458.1
47462.6
47473.1
47476.1
47516.2
47578.1
47591.9
47596.7
47608
47679.8
47716.4
47745.7
47748.1
47784.9
47811.5
47835.4
47857.1
47858.6
47872
47953
47959.6
47987.8
48038.4
48056.6
48071.5
48122.7
48182
48189.3
48206.7
48256.5
48266.2
48311.6
48323.5
48337.5
48341.6
48384.9
48454.1
48464.4
48467.9
48483.6
48499.3
48514.9
48562.1
48563.1
48585.6
48634.8
48642.1
48651.1
48653.9
48668.5
48689.6
48707
48716.3
48722.6
48756.2
48759.3
48787.4
48813.9
48840
48847.6
48858.3
48918.4
48937.8
48951.6
48968.3
48973.4
49000.3
49004.5
49016.2
49054.4
49054.8
49074.5
49117.1
49117.4
49118.1
49123.5
49137.6
49139.6
49156.8
49200.6
49219.8
49223.7
49272.3
49299.2
49337.3
49377.9
49390.5
49419.1
49472.4
49485.1
49518
49534.6
49534.7
49535.5
49537.1
49582.5
49621.9
49640.8
49645.7
49657.4
49678.4
49738.4
49825.2
49825.3
49847.1
49906.9
49992.5
50002.2
50073.7
50085.8
50096.9
50097.9
50107.5
50115.3
50118.4
50125.8
50150
50153.9
50156.3
50171.7
50181.3
50191.7
50203.5
50236.6
50238
50247.9
50272
50291.8
50294.1
50350.7
50363.6
50373.7
50390.5
50422.8
50457.8
50494.8
50624.6
50653.6
50657.2
50661.7
50755.9
50756.6
50762.7
50765.6
50799.6
50822.1
50828.5
50873.6
50880.2
50937.7
50956.2
50992.3
50999
51020.3
51116.7
51144.6
51173.2
51203.8
51214.7
51215.1
51217.1
51236.7
51259.8
51266.9
51286.1
51291.7
51385.6
51394.6
51396
51400.9
51409.2
51464.9
51469
51478.3
51479.9
51492.2
51502.6
51537.6
51545.3
51571.5
51580.4
51633.1
51701.8
51726.6
51747.1
51756.1
51794.8
51797.3
51817.1
51831.1
51838.4
51872.8
51924.9
51973.1
51994.1
51998.7
52030.4
52034.8
52044.6
52046.8
52069.1
52077.7
52082
52110.3
52119.4
52138
52154.3
