0
11.3233
13.3173
16.283
19.8466
20.1178
23.0349
24.7031
28.9179
32.2124
33.4429
36.714
40.3224
46.3246
50.9476
52.1526
53.4357
56.8534
68.9005
69.8051
72.1382
77.1587
80.5675
87.3107
89.8086
95.3318
95.5758
96.0279
96.336
97.9581
98.1405
102.21
107.531
110.164
110.887
111.395
119.117
122.264
124.674
126.255
128.859
132.366
136.775
147.45
147.519
147.704
150.47
164.125
164.186
168.368
172.344
174.401
181.676
185.883
186.946
187.622
197.765
200.586
203.225
205.572
212.965
217.771
237.042
239.329
247.927
248.982
250.194
264.417
266.542
268.047
270.715
274.376
279.535
282.395
283.557
287.706
292.836
293.045
294.173
294.229
295.263
299.061
302.474
308.825
313.827
319.181
329.628
335.945
340.715
351.417
356.707
365.566
372.946
373.793
374.737
392.085
392.36
397.171
397.18
398.819
401.612
402.566
406.052
406.387
414.812
419.495
427.285
427.363
428.299
430.623
436.381
445.311
448.283
454.677
462.192
464.074
464.088
464.719
469.273
471.758
487.93
489.534
493.184
493.538
502.087
503.565
503.909
504.054
508.183
521.156
522.308
527.342
528.036
535.891
537.74
544.664
545.102
548.448
557.036
558.896
560.051
565.98
570.2
573.411
579.776
581.923
589.061
591.211
592.254
592.756
598.896
617.976
619.961
622.658
624.974
626.658
627.244
630.359
637.167
639.82
640.297
640.313
642.389
643.756
644.846
644.865
648.622
649.553
650.214
654.119
659.315
662.281
666.375
671.09
672.096
672.652
673.458
674.845
679.731
682.838
684.287
685.195
691.522
693.243
698.999
699.024
700.265
709.17
713.517
713.884
714.39
716.711
721.01
721.605
723.556
725.377
727.745
733.029
734.94
744.152
746.692
749.152
751.915
752.06
755.053
759.044
766.536
766.576
781.648
793.138
799.092
801.537
810.557
812.565
813.099
814.272
815.126
818.54
819.27
827.116
828.007
828.069
829.111
830.605
832.105
834.271
834.302
836.544
842.886
868.355
871.55
873.068
877.049
881.104
882.718
900.531
904.442
906.523
908.031
912.369
914.087
920.591
926.17
932.733
934.744
935.149
935.388
935.986
941.454
944.14
944.653
946.043
946.161
952.476
958.218
966.828
969.651
970.422
973.751
979.138
987.334
988.676
991.409
993.276
1010.57
1014.11
1016.32
1017.16
1020.59
1022.54
1027.01
1027.44
1031.72
1032.7
1035.4
1037.57
1049.21
1055.35
1058.55
1060.53
1065.86
1069.85
1072.4
1074.77
1080.01
1086.14
1090.1
1090.28
1091.08
1116.4
1119.09
1120.74
1121.13
1123.53
1123.56
1144.3
1144.73
1148
1148.69
1159.73
1161.82
1165.79
1169.31
1171.16
1171.41
1172.31
1172.81
1178.4
1184.52
1188
1188.21
1196.76
1219.18
1220.65
1221.81
1227.28
1229.62
1243.97
1248.29
1250.9
1253.56
1255.91
1257.44
1264.02
1266.07
1268.65
1268.89
1271.12
1272.71
1283.94
1288.03
1293.77
1293.94
1294.21
1295.47
1299.63
1310.14
1314
1315.21
1316.31
1316.81
1322.03
1330.44
1330.89
1331.66
1335.74
1337.2
1340.66
1345.28
1350.02
1352.97
1354.11
1355.11
1361.55
1361.92
1362.98
1364.38
1364.73
1368.85
1375.89
1377.68
1381.37
1390.04
1399.92
1400.78
1402.93
1403.35
1408.07
1409.04
1415.44
1429
1433.39
1443.32
1445.92
1446.31
1456.79
1459.06
1463.57
1466
1467.56
1468.43
1477.09
1477.63
1482.61
1486.76
1489.21
1504.29
1522.19
1524.89
1527.53
1528.6
1531.11
1533.93
1535.83
1542.79
1550.87
1552.25
1560.44
1566.73
1568.71
1575.06
1575.66
1576.29
1578.04
1578.87
1593.42
1595.01
1614.24
1618.82
1632.22
1634.63
1642.13
1647.95
1653.18
1668.65
1669.47
1670.28
1670.43
1670.47
1671.71
1673.47
1674.18
1676.57
1682.49
1683.94
1696.84
1698.47
1702.76
1703.14
1706.74
1711.44
1717.92
1720.53
1720.67
1722.35
1726.77
1727.81
1733.03
1735.19
1735.46
1735.75
1743.54
1746.4
1749.81
1754.46
1755.53
1757.07
1759.58
1764.12
1768.44
1768.93
1770.52
1773.52
1775.34
1779.16
1779.9
1785.25
1795.27
1804.06
1814.13
1814.64
1818.6
1822.7
1824
1825.18
1827.47
1827.74
1827.81
1830.72
1836.38
1844
1851.05
1858.23
1862.21
1866.74
1869.82
1871.67
1886.55
1887.99
1892.03
1898.25
1905.71
1906.07
1909.61
1921.62
1922.22
1932.59
1935.56
1939.54
1952.68
1959.06
1963.12
1970.67
1979.69
1979.7
1981.02
1984.44
1987.62
1996.02
1996.41
1996.74
2002.7
2007.82
2011.46
2016.07
2018.44
2022.29
2026.69
2037.1
2048.02
2053.21
2056.57
2058.46
2059.06
2059.99
2062.44
2064.65
2068.7
2070.39
2072.21
2074.03
2085.75
2089.58
2091.07
2096.75
2097.9
2103.04
2103.52
2112.37
2112.89
2116.49
2123.2
2126.1
2131.45
2134.16
2134.88
2135.67
2135.86
2136.21
2139.48
2143.76
2144.87
2147.18
2151.9
2164.41
2169.15
2171.05
2177.81
2178.47
2188.53
2190.18
2202.96
2212.8
2215.71
2217.22
2228.77
2232.59
2234.63
2236.46
2238.2
2251.31
2260.56
2265.9
2270.41
2272.66
2272.89
2275.23
2277.81
2283.85
2285.26
2294.24
2295.08
2297.03
2307.72
2315.01
2320.47
2326.84
2330.98
2331.76
2332.41
2333.76
2342.09
2343.68
2345.92
2347.25
2348.82
2351.22
2361.73
2367.47
2372.29
2378.68
2380.76
2388.08
2390.01
2400.66
2401.34
2404.57
2417.84
2429.21
2430.43
2437.44
2438.25
2438.25
2439.11
2441.12
2442.57
2443.5
2445.39
2448.39
2463.74
2464.56
2465.81
2484.91
2488.91
2499.73
2500.74
2503.61
2504.48
2507.27
2508.62
2526.05
2532.08
2539.39
2549.91
2552.16
2555.37
2557.37
2562.93
2564.88
2574.33
2577.5
2577.94
2584.43
2593.82
2594.94
2595.07
2597.09
2597.1
2608.18
2608.28
2614.34
2618.87
2622.74
2623.69
2628.02
2633.49
2634.32
2635.72
2637.73
2641.23
2643.75
2645.58
2646.22
2649.55
2654.04
2657.49
2661.94
2663.65
2667.61
2671.35
2671.93
2672.13
2674.35
2687.11
2687.11
2697.6
2697.7
2708.27
2710.73
2715.71
2716.88
2717.6
2721.7
2721.75
2722.04
2722.86
2725.72
2726.93
2733.46
2735.85
2736.33
2740.34
2745.69
2752.52
2756.84
2759.96
2760.33
2762.13
2765.1
2768.76
2780.99
2782.24
2809.81
2817.3
2819.77
2821.02
2830.03
2839.45
2842.17
2842.34
2844.27
2846.19
2847.91
2850.27
2852.43
2857.48
2858.68
2859.11
2860.14
2862.57
2870
2876.42
2879.35
2881.74
2882.87
2884.63
2889.39
2891.55
2898.54
2898.64
2903.83
2917.91
2922.66
2925.18
2925.75
2925.75
2928.34
2934.72
2938.31
2947.85
2948.27
2948.32
2949.64
2950.99
2959.75
2965.52
2967.31
2967.83
2969.67
2975.29
2978.71
2978.75
2983.88
2986.34
2987.07
2990.62
2991.56
2991.94
3001.94
3005.95
3006.2
3006.67
3010.63
3019.43
3033.79
3037.96
3040.05
3043.69
3049.18
3049.4
3056.32
3063.51
3065.1
3065.16
3065.82
3066.86
3072.6
3075.33
3084.19
3087.37
3088.39
3098.49
3103.51
3119.75
3125.81
3131.05
3135.42
3139.23
3147.53
3151.39
3154.64
3154.9
3156.52
3170.39
3176.83
3181.88
3187.97
3193.11
3193.41
3200.79
3201.52
3207.47
3208.43
3213.77
3231.37
3233.68
3243.23
3243.78
3248.72
3252.35
3253.92
3256.11
3257.32
3258.24
3260.01
3260.14
3267.55
3272.41
3275.42
3275.99
3283.65
3283.88
3294.57
3298.32
3310.91
3313.39
3334.6
3349.2
3356.1
3367.63
3371.77
3374.3
3380.07
3386.9
3397.03
3397.94
3427.71
3427.98
3430.85
3431.39
3431.89
3434.95
3436.04
3436.38
3436.5
3437.82
3438.77
3438.92
3439.05
3443.23
3448.27
3452.12
3462.39
3462.74
3469.14
3480.85
3481.26
3481.77
3482.51
3484.37
3488.76
3491.49
3492.53
3503.81
3515.47
3517.26
3522.94
3523.04
3526
3535.01
3535.55
3537.19
3545.76
3546.01
3547.87
3548.22
3553.62
3554.24
3554.95
3555.55
3560.23
3560.63
3563.43
3563.67
3573.93
3574.36
3576.31
3594.75
3597.28
3599.89
3600.83
3605.97
3611.35
3618.38
3618.56
3621.58
3621.97
3637.84
3647.18
3648.69
3652.97
3653.8
3655.15
3659.56
3660.64
3661.27
3669.21
3670.29
3675.42
3682.07
3682.61
3689.28
3691.71
3694.89
3696.24
3700.62
3704.12
3706.88
3709.12
3710.76
3711.12
3712.32
3717.25
3721.63
3725.72
3727.74
3729.11
3729.16
3739.84
3752.01
3765.56
3767.62
3768.88
3770.73
3775.82
3777.11
3784.43
3785.1
3791.86
3792.84
3793.27
3796.86
3798.85
3800.24
3800.39
3807.4
3807.74
3817.04
3832.38
3835.92
3836.55
3844.07
3845.28
3845.37
3850.12
3850.15
3853.17
3860.99
3862.92
3868.35
3873.07
3881.46
3887.8
3889.64
3898.17
3899.15
3901.9
3909.23
3911.56
3912.91
3917.58
3919.83
3920.77
3920.81
3923.66
3928.89
3932.03
3935.05
3937.36
3941.43
3954.13
3968.52
3969.36
3970.84
3974.47
3998.44
4003.65
4004.03
4005.4
4010.83
4014.27
4016.37
4026.4
4028.57
4033.3
4033.62
4040.15
4041.74
4042.16
4042.81
4044.39
4044.81
4046.9
4053.23
4063.82
4065.77
4072.96
4074.15
4077.23
4078
4078.98
4082.6
4102.89
4108.09
4110.09
4111.83
4124.7
4144.1
4153.08
4153.68
4160.77
4161.85
4162.44
4175.31
4175.76
4177.12
4179.02
4182.11
4185.1
4188.07
4204.63
4208.84
4209.45
4211.13
4212.1
4217.56
4221.98
4227.69
4235.39
4236.32
4241.3
4247.95
4254.45
4254.57
4271.21
4272.97
4273.69
4282.23
4284.87
4284.92
4285.19
4285.53
4288.36
4288.75
4290.37
4290.39
4290.51
4293.24
4294.89
4296.87
4319.36
4321.6
4325.48
4334.87
4334.99
4337.87
4347.6
4347.65
4352.26
4365.22
4375.13
4375.32
4375.5
4379.49
4379.98
4385.46
4385.83
4386.53
4388.7
4392.48
4393
4395.49
4395.52
4398.88
4404.12
4405.14
4413.28
4417.64
4418.07
4418.86
4433.07
4436.02
4437.33
4442.39
4443.72
4448.88
4452.81
4456.53
4472.44
4478.17
4478.76
4494.56
4498.35
4499.59
4499.77
4503.42
4506.14
4507.46
4511.91
4513.8
4514.76
4522.32
4525.94
4528.33
4528.42
4530.08
4544.79
4553.13
4563.56
4570.81
4571.29
4572.32
4579.2
4580.29
4585.22
4585.64
4591.4
4594.01
4596.52
4598.4
4604.6
4618.52
4624.48
4627.11
4627.19
4630.36
4637.27
4638.59
4639.22
4646.51
4647.81
4651.43
4655.45
4657.53
4658.41
4670.23
4683.6
4698.36
4698.6
4701.46
4704.39
4711.46
4711.74
4713.32
4716.86
4718.46
4719.96
4724.69
4727.16
4730.12
4730.67
4731.47
4736.91
4739.1
4747.98
4753.16
4754.15
4758.73
4760.13
4761.75
4765.54
4769.53
4770.4
4771.69
4774.03
4774.03
4777.09
4780.53
4785.9
4788.78
4790.57
4795.65
4798.26
4800.97
4803.63
4806.43
4807.2
4812.24
4812.38
4813.72
4818.78
4832.39
4836.59
4837.74
4841.74
4842.04
4843.1
4845.49
4849.48
4851.05
4852.42
4853.46
4857.87
4857.98
4857.99
4862.49
4868.14
4889.25
4892.76
4896.42
4897.24
4897.84
4901.92
4907.44
4910.96
4927
4934.77
4936.85
4941.73
4947.85
4948.01
4950.38
4955.11
4962.04
4966.54
4967.31
4971.92
4985.01
4989.42
4990.37
4994.1
5000.05
5002.01
5003.85
5007.16
5021.77
5022.77
5023.14
5024.04
5030.31
5038.57
5041.51
5042.96
5043.2
5047.44
5048.53
5052.79
5061.7
5062.63
5062.82
5067.01
5069.43
5069.49
5072.71
5075.79
5077.96
5084.42
5092.2
5097.99
5100.15
5104.63
5106.63
5106.81
5112.29
5113.29
5118.85
5123.71
5127.59
5138.41
5144.34
5144.71
5146.94
5147.78
5161.1
5165.05
5176.47
5191.3
5193.73
5193.95
5197.44
5203.08
5205.11
5206.28
5207.68
5209.9
5213.05
5214.86
5216.02
5221.43
5225.12
5225.69
5230.12
5233.23
5235.6
5242.88
5251.54
5266.14
5269.62
5276.61
5280.99
5281.02
5281.25
5289.35
5291.25
5296.01
5298.41
5308.81
5309.12
5312.89
5319.75
5322.91
5329.69
5330.15
5333.08
5344.41
5347.46
5347.66
5350.35
5350.66
5355.4
5355.7
5359.93
5373.23
5383.06
5385.07
5385.62
5391.2
5400.36
5404.65
5409.92
5410.11
5416.87
5423.73
5425.02
5426.17
5434.46
5438.13
5441.56
5464.39
5466.13
5467.05
5470.43
5471.38
5475.06
5483.28
5484.96
5486.89
5490.67
5494.84
5496.53
5499
5505.77
5506.18
5508.51
5512.11
5516.62
5526.22
5526.94
5526.95
5534.87
5535.04
5549.78
5552.98
5553.28
5571.39
5572.7
5572.87
5575.55
5577.62
5580.52
5582.59
5583.98
5585.81
5596.31
5596.85
5600.5
5604.08
5605.6
5606.76
5613.59
5613.9
5615.02
5625.18
5629.02
5636.12
5636.71
5637.96
5640.36
5647.93
5652.04
5666.45
5668.31
5669.59
5670.7
5679.03
5684.2
5692.97
5700.41
5712.87
5718.13
5724.11
5728.13
5730.72
5731.42
5736.22
5738.21
5740.38
5755.8
5757.1
5774.11
5775.81
5781.4
5784.25
5786.14
5787.85
5799.48
5802.17
5814.75
5822.4
5822.95
5823.24
5834.06
5834.76
5839.19
5841.72
5845.75
5846.1
5846.18
5846.44
5851.11
5852.68
5858.82
5865
5876.29
5880.25
5897.31
5897.75
5898.72
5908.34
5918.67
5919.9
5920.19
5920.57
5921.92
5922.27
5923.32
5923.44
5928.19
5929.42
5930.63
5931.77
5935.29
5936.29
5937.63
5939.14
5939.32
5945.87
5960.58
5960.65
5964.18
5967.74
5972.03
5976.8
5978.48
5989.32
5990.63
5991.18
5992.16
5992.79
5996.28
5996.86
5999.06
5999.46
6005.47
6033.7
6034.66
6034.76
6057.98
6062.02
6064.67
6068.05
6068.4
6068.56
6070.87
6073.48
6078.96
6094
6094.14
6097.22
6098.49
6108.08
6113.26
6115.86
6118.03
6118.85
6121.89
6123.55
6124.03
6124.97
6125.39
6128.11
6130.07
6132.28
6133.49
6144.21
6144.54
6146.39
6153.74
6159.28
6162.91
6165.6
6170.04
6182.65
6182.83
6187.63
6188.32
6202.4
6206.55
6214.69
6219.45
6220.71
6226.77
6228.5
6230.73
6232.5
6236.54
6238.62
6241.54
6245.02
6252.11
6260.69
6270.54
6271.3
6273.82
6274.8
6274.85
6280.09
6284.52
6287.01
6288.59
6293.22
6294.17
6299.82
6316.52
6322.48
6325.46
6326.39
6331.06
6333.21
6334.05
6334.59
6337.33
6343.97
6345.99
6351.73
6352.53
6354.05
6358.81
6360.61
6363.87
6374.64
6374.77
6376.34
6376.41
6380.35
6384.45
6384.64
6384.7
6392.41
6392.48
6392.5
6399.61
6402.95
6404.3
6407.36
6408.74
6422.03
6422.6
6424.22
6432.71
6435.87
6436.04
6436.42
6436.96
6442.12
6444.73
6445.23
6448.85
6456.16
6456.86
6460.02
6460.12
6463.45
6466.86
6473.25
6476.49
6477.58
6478.07
6480.12
6485.59
6488.65
6489.17
6490.92
6497.84
6503.64
6504.14
6505.64
6509.92
6511.73
6515.92
6524.18
6529.13
6535.28
6535.46
6537.67
6548.39
6550.85
6552.6
6553.7
6555.79
6571.1
6577.96
6578.21
6578.96
6587.18
6587.27
6592.78
6594.18
6595.23
6595.59
6604.74
6605.03
6608.64
6616.21
6618.2
6618.69
6620.82
6622.77
6624.63
6626.23
6631.65
6633.01
6634.13
6645.89
6648.41
6650.41
6652.27
6653.03
6656.79
6663.27
6664.63
6665.63
6671.22
6673.23
6678.17
6681.02
6681.03
6685.79
6689.03
6692.26
6692.48
6692.98
6703
6703.38
6703.6
6706.53
6706.79
6707.04
6710.61
6711.11
6712.82
6717.24
6719.78
6726.59
6729.04
6732.32
6732.54
6736.01
6738.23
6738.88
6740.26
6741.39
6741.88
6742.38
6748.75
6761.44
6762.23
6763.72
6767.42
6770.84
6773.93
6777.07
6785.95
6788.3
6789.88
6793.08
6793.34
6794.89
6798.9
6800.69
6801.15
6805.19
6814.53
6821.15
6840.42
6844.36
6845.24
6870.41
6878.08
6879.37
6881.71
6883.74
6885.26
6900.42
6901.16
6906.78
6910.33
6918.4
6919.07
6928.62
6934.33
6945.14
6946.15
6946.34
6946.48
6955.95
6964.07
6964.45
6966.85
6978.83
6982.02
6985.55
6992.7
6996.01
6998.81
7008.23
7008.39
7010.17
7014.38
7033.16
7037.43
7042.93
7043.11
7044.97
7058.14
7058.54
7061.27
7062.38
7064.83
7068.54
7070.67
7074.25
7088.75
7103.89
7109.18
7123.63
7123.93
7124.21
7136.11
7138.57
7140.1
7140.23
7147.46
7154.2
7156.94
7162.68
7169.57
7169.72
7170.04
7172.86
7185.55
7186.01
7188.03
7190.6
7192.11
7192.53
7198.91
7204.43
7205.3
7205.86
7205.99
7209.48
7210.28
7210.82
7211.17
7219.28
7220.82
7225.17
7233.43
7235.69
7236.54
7242.11
7242.38
7243.06
7244.37
7246.68
7249.47
7249.48
7252.86
7253.25
7254.5
7275.78
7278.9
7287.08
7289.75
7290.82
7292.21
7293.09
7298.9
7300.15
7303.2
7303.29
7303.52
7306.21
7307.9
7307.98
7311.97
7315.57
7316.45
7322.51
7323.27
7337.15
7338.47
7341.94
7343.61
7346.72
7359.19
7359.36
7368.38
7374.27
7376.26
7376.64
7378.39
7387.71
7390.46
7399.34
7408.63
7422.09
7425.58
7426.27
7429.28
7430.21
7431.84
7438.92
7439.2
7454.57
7454.84
7454.92
7460.19
7461.57
7463.95
7468.02
7468.39
7472.8
7479.51
7481.18
7489.36
7492.35
7497.67
7499.21
7510.73
7510.95
7511.47
7511.55
7523.91
7528.56
7529.46
7530.71
7534.21
7538.73
7543.99
7545.95
7546.6
7552.55
7555.43
7558.92
7559.62
7561.4
7562.38
7565
7565.18
7566.39
7568.69
7573.68
7576.06
7576.88
7577.23
7585.06
7586.61
7586.62
7587.14
7587.89
7591.38
7591.59
7595.03
7597.99
7613.09
7618.57
7638.69
7645.29
7646.76
7651.31
7659.04
7661.76
7664.16
7664.94
7668.3
7668.8
7678.1
7682.13
7682.86
7686.12
7691.43
7697.62
7706.77
7713.74
7714.49
7717.69
7719.13
7721.65
7725.72
7725.91
7727.84
7730.7
7732.1
7733.84
7736.47
7740.66
7741.1
7744.6
7744.76
7748.95
7749.9
7755.2
7756.76
7759.75
7761.68
7762.19
7764.65
7765.04
7770.85
7780.81
7782.56
7788.67
7790.25
7800.01
7801.41
7801.43
7802.87
7803.99
7805.14
7810.17
7811.13
7813.53
7813.88
7816.81
7823.47
7823.72
7825.05
7826.55
7829.31
7836.51
7839.2
7843.37
7847.42
7853.19
7859.41
7860.05
7867.14
7868.36
7873.32
7875.53
7876.47
7886.37
7886.62
7887.49
7904.4
7922.82
7927.61
7928.06
7930.37
7930.97
7931.14
7936.67
7940.33
7940.82
7942.37
7947.26
7949.75
7963.7
7971.04
7972.42
7976.28
7977.56
7980.41
7984.33
7984.61
7986.1
7987.25
7987.68
7987.78
7995.69
8002.37
8003.58
8008.73
8011.81
8013.82
8016.14
8026.01
8026.3
8026.41
8027.38
8029.01
8034.07
8034.61
8042.94
8048.17
8067.2
8067.36
8072.28
8075.75
8080.74
8085.98
8088.25
8094.8
8097.89
8099.3
8107.46
8117.89
8126.71
8142.28
8157.42
8158.43
8159.28
8164.13
8173.53
8180.47
8189.39
8190.31
8198.38
8202.16
8212.22
8213.37
8219.25
8219.49
8226.88
8233.93
8235.64
8241.56
8246.67
8253.66
8255.85
8257.62
8257.7
8258.61
8266.14
8267.61
8279.7
8280.08
8282.29
8287.53
8289.21
8294.18
8302.2
8302.93
8307.66
8309.63
8311.15
8312.52
8314.73
8322.11
8328.04
8329.2
8329.79
8331.34
8331.93
8337.28
8339.13
8340.82
8342.75
8346.17
8349.8
8350.13
8355.6
8358.2
8369.8
8373.3
8379.61
8380.15
8380.53
8382.55
8387.01
8393.97
8399.47
8402.68
8404.78
8409.03
8410.99
8414.25
8417.11
8427.67
8428.05
8436.34
8437.2
8447.44
8450.06
8450.57
8453.19
8458.49
8472.32
8477.7
8484.77
8489.18
8493.21
8498.14
8499.93
8501.04
8504.46
8509.01
8516.06
8518.39
8526.04
8527.2
8530.73
8536.33
8538.92
8541.32
8541.49
8548.76
8553.33
8554.05
8554.8
8563.65
8575.54
8585.67
8588.48
8590.09
8596.91
8603.25
8603.75
8605.09
8615.31
8615.5
8617.71
8621.42
8623.05
8626.64
8629.53
8631.85
8633.6
8637.54
8637.76
8640.15
8650.86
8652.59
8654.17
8654.19
8655.36
8655.42
8658.2
8663.89
8666.51
8668.49
8671.7
8683.58
8692.04
8695.22
8702.46
8706.02
8706.32
8708.14
8709.29
8712.9
8714.67
8723.37
8728.3
8736.87
8741.28
8741.33
8747.49
8756.2
8756.67
8757.03
8761.12
8775.73
8775.76
8780.63
8780.84
8780.94
8781.7
8783
8783.35
8783.82
8791.81
8794.15
8799.66
8804.77
8808.68
8815.08
8816.47
8819.21
8824.75
8825.15
8825.57
8827.53
8828.42
8830.1
8832.28
8837.83
8839.49
8855.85
8857.05
8860.07
8863.52
8863.62
8864.25
8869.75
8870.23
8871.97
8882.54
8885.29
8890.1
8895.18
8898.09
8901.14
8903.67
8908.21
8909.77
8912.07
8920.91
8924.8
8927.2
8928.91
8929.48
8929.63
8938.16
8954.08
8958.23
8959.37
8963.29
8968.01
8978.09
8980.83
8989.92
8997.38
9001.44
9003.15
9004.52
9004.89
9011.82
9019.61
9023.08
9025.8
9036.48
9049.23
9052.65
9058.68
9059.89
9074.86
9075.23
9077.11
9077.3
9077.38
9078.92
9079.23
9079.37
9087.33
9089.91
9091.11
9091.18
9096.68
9097.93
9103.99
9107.82
9108.79
9125.81
9131.78
9133.66
9134.95
9136.33
9139.46
9141.18
9143.12
9144.53
9146.65
9146.84
9147.75
9151.12
9153.82
9155.14
9166.57
9167.2
9170.24
9175.1
9189.77
9191.54
9192.86
9194.12
9197.16
9198.59
9204.06
9205.62
9207.46
9207.82
9210.23
9222.72
9227.11
9227.35
9241.06
9248.32
9248.49
9254.58
9257.1
9257.56
9258.86
9259.56
9265.62
9266.23
9266.83
9283.45
9283.94
9284.82
9286.98
9300.57
9311.56
9314.45
9315.48
9321.85
9327.98
9329.06
9329.16
9334.4
9338.83
9343.61
9346.24
9351.28
9352.81
9353.76
9355.76
9359.4
9359.54
9359.94
9365.62
9367.39
9374.6
9377.54
9379.54
9383.1
9384.59
9393.98
9394.69
9406.6
9410.02
9410.61
9410.64
9416.61
9418.69
9424.57
9425.24
9432.66
9432.72
9432.97
9433.18
9438.79
9446.28
9447.14
9448.31
9449.38
9449.87
9449.98
9452.1
9453.13
9458.63
9465.89
9467.39
9467.93
9469.64
9475.44
9483.38
9483.85
9489.34
9491.63
9494.12
9495.7
9510.71
9512.39
9514.14
9518.2
9525.23
9526.07
9526.38
9529.77
9533.37
9543.98
9551.25
9551.34
9556.24
9559.69
9560.63
9561.97
9563.22
9566.9
9570.86
9578.95
9582.97
9589.29
9590.53
9591.06
9593.68
9601.42
9603.65
9606.95
9608.5
9614.39
9614.72
9626.37
9630.97
9638.48
9640.4
9641.06
9641.84
9642.68
9645.26
9659.42
9660.15
9665.94
9674.26
9674.55
9676.6
9680.33
9686.86
9691.08
9696.99
9700.14
9700.51
9701.15
9704.71
9707.03
9710.68
9716.31
9717.6
9723.9
9723.93
9725.4
9725.54
9736.55
9739.62
9739.69
9745.29
9747.86
9751.74
9755.15
9764.1
9776.35
9777.86
9778.51
9785.72
9786.5
9787.56
9795.01
9795.88
9798.4
9799.11
9801.44
9801.92
9803.04
9804.27
9812.37
9812.97
9817.45
9819.91
9820.89
9826.65
9830.69
9831.16
9831.37
9834.46
9837.93
9841.39
9844.02
9844.73
9854.83
9863.99
9864.51
9868.2
9872.05
9883.05
9884.13
9884.25
9889.34
9889.34
9889.54
9894.14
9896.85
9897.3
9900.21
9907.6
9908.58
9911.36
9911.58
9912.58
9913.16
9914.9
9920.63
9927.52
9935.83
9938.11
9938.62
9949.71
9952.46
9953.02
9954.13
9962.58
9964.99
9976.82
9981.95
9991.63
9999.69
10011.3
10021.3
10022.5
10026.8
10053.7
10066.5
10067.3
10069.3
10072.7
10074.5
10077.2
10086.1
10090.4
10093.4
10099.1
10104.2
10104.8
10122.5
10124.1
10128.1
10132
10132.5
10135.6
10141.9
10143.3
10143.9
10151.6
10152.5
10153.4
10163
10163.7
10165.4
10165.6
10172.5
10174
10175.9
10178.3
10181.2
10189.8
10190.6
10196.3
10202.9
10204.3
10210.3
10213
10220.4
10220.8
10226.7
10232.1
10233.2
10235.3
10237.9
